<?xml version="1.0"?>
<opencv_storage>
<calibration_Time>"Wed Oct 26 19:53:00 2016"</calibration_Time>
<nrOfFrames>9</nrOfFrames>
<image_width>800</image_width>
<image_height>533</image_height>
<board_width>7</board_width>
<board_height>5</board_height>
<square_Size>2.5000000372529030e-02</square_Size>
<FixAspectRatio>1.</FixAspectRatio>
<!-- flags:  +fix_aspectRatio +fix_principal_point +zero_tangent_dist -->
<flagValue>14</flagValue>
<camera_matrix type_id="opencv-matrix">
  <rows>3</rows>
  <cols>3</cols>
  <dt>d</dt>
  <data>
    6.4093664054497685e+02 0. 3.9950000000000000e+02 0.
    6.4093664054497685e+02 266. 0. 0. 1.</data></camera_matrix>
<distortion_coefficients type_id="opencv-matrix">
  <rows>5</rows>
  <cols>1</cols>
  <dt>d</dt>
  <data>
    -1.5242680297430146e-02 1.5546481802783632e-01 0. 0.
    -5.3118194554840659e-01</data></distortion_coefficients>
<avg_reprojection_error>3.7984859325574066e-01</avg_reprojection_error>
<per_view_reprojection_errors type_id="opencv-matrix">
  <rows>9</rows>
  <cols>1</cols>
  <dt>f</dt>
  <data>
    4.58943129e-01 3.17047685e-01 3.10204893e-01 6.32467568e-01
    1.48071021e-01 2.64080584e-01 3.78123254e-01 3.11503112e-01
    3.99373621e-01</data></per_view_reprojection_errors>
<!-- a set of 6-tuples (rotation vector + translation vector) for each view -->
<extrinsic_parameters type_id="opencv-matrix">
  <rows>9</rows>
  <cols>6</cols>
  <dt>d</dt>
  <data>
    -2.4051621951844449e-01 7.3129889307893015e-01
    -8.3143968624367112e-02 -4.2926465155571872e-02
    -3.8107406052632249e-02 3.3237409905393633e-01
    -3.4769747481475144e-01 3.8154136060264793e-01
    -2.8029266279356330e-02 -6.1580004712720869e-02
    -3.2062321253395212e-02 3.6428906068584826e-01
    -4.7304695801102381e-01 5.3857795313122236e-01
    6.0486374199741434e-02 5.6307743253579019e-02
    -2.4060925847931607e-02 4.5056339310860954e-01
    1.6319218240979477e-01 5.7464148005991633e-01 1.3475211499642201e-01
    7.5697128900999982e-03 -9.2927652388937576e-02
    3.3705479897323409e-01 2.9779520965637851e-02 1.3107332339982397e-01
    -2.0398171926461116e-02 -1.0607846001096749e-01
    -2.0353756231509382e-01 6.3370474331271143e-01
    -9.3854750934800890e-02 4.8333376616732565e-01
    7.4238225244528402e-02 8.4267300318664903e-02
    -1.2814415965223586e-01 5.4576314346608867e-01
    4.8923300596215602e-01 3.7420639861690008e-01 1.7163858946921043e-01
    -1.1727562130503270e-01 -9.3053624742351959e-02
    3.4659195385863345e-01 -3.0771000037126289e-01
    6.8259157194006237e-01 -1.4158452114036249e-01
    8.1750925080228576e-02 -7.7658173593881011e-02
    5.0567280965617267e-01 2.3999968650993023e-01 3.0452592275251367e-01
    6.7611253889575215e-02 6.8654129582542429e-03
    -1.3921895133915527e-01 4.6510501795195996e-01</data></extrinsic_parameters>
<image_points type_id="opencv-matrix">
  <rows>9</rows>
  <cols>35</cols>
  <dt>"2f"</dt>
  <data>
    3.16925995e+02 1.92243286e+02 3.50568848e+02 1.80468307e+02
    3.87660889e+02 1.67484955e+02 4.28552673e+02 1.53119232e+02
    4.74505188e+02 1.36754471e+02 5.26444092e+02 1.18329453e+02
    5.85364380e+02 9.74555054e+01 3.14729309e+02 2.38420609e+02
    3.48892212e+02 2.28948120e+02 3.86652710e+02 2.18285461e+02
    4.28655334e+02 2.06499313e+02 4.75831482e+02 1.92996262e+02
    5.28975098e+02 1.77815674e+02 5.90244995e+02 1.60397034e+02
    3.12523712e+02 2.86379364e+02 3.47360474e+02 2.79218445e+02
    3.86141724e+02 2.71049866e+02 4.28693268e+02 2.62155243e+02
    4.76867981e+02 2.51936630e+02 5.32125793e+02 2.40396454e+02
    5.94869934e+02 2.27093307e+02 3.10228973e+02 3.36371826e+02
    3.45741577e+02 3.31601166e+02 3.84784760e+02 3.26343445e+02
    4.28828094e+02 3.20724182e+02 4.78539001e+02 3.13949982e+02
    5.35085266e+02 3.06506683e+02 6.00457458e+02 2.97770905e+02
    3.07390839e+02 3.89095642e+02 3.43933807e+02 3.87131714e+02
    3.84193726e+02 3.84898773e+02 4.28993713e+02 3.82570068e+02
    4.80362061e+02 3.79505524e+02 5.38542236e+02 3.76653046e+02
    6.06102722e+02 3.72976776e+02 2.91327637e+02 2.09262375e+02
    3.30617828e+02 2.04046555e+02 3.71743469e+02 1.98498535e+02
    4.14627228e+02 1.92158890e+02 4.60361267e+02 1.85579376e+02
    5.08448761e+02 1.78664642e+02 5.59424194e+02 1.71262375e+02
    2.87262817e+02 2.50327515e+02 3.26801544e+02 2.45901535e+02
    3.69016785e+02 2.41299881e+02 4.13273438e+02 2.36179367e+02
    4.60129852e+02 2.30438904e+02 5.09432983e+02 2.24997452e+02
    5.62289124e+02 2.18505753e+02 2.82507965e+02 2.93150787e+02
    3.23429993e+02 2.89776672e+02 3.66497406e+02 2.86169434e+02
    4.12018982e+02 2.82046600e+02 4.59754852e+02 2.77656952e+02
    5.10510101e+02 2.73431732e+02 5.64743408e+02 2.68813995e+02
    2.77467651e+02 3.38656647e+02 3.19424438e+02 3.36189575e+02
    3.63682556e+02 3.33382751e+02 4.10426758e+02 3.30772278e+02
    4.59524109e+02 3.27726105e+02 5.12213440e+02 3.24899902e+02
    5.68092468e+02 3.21442566e+02 2.72390594e+02 3.86530182e+02
    3.15347900e+02 3.85211945e+02 3.60588318e+02 3.83707336e+02
    4.08504150e+02 3.82613251e+02 4.59222900e+02 3.81062622e+02
    5.13395142e+02 3.79495239e+02 5.71016235e+02 3.78161133e+02
    4.79887451e+02 2.31693207e+02 5.13513184e+02 2.28090729e+02
    5.48637390e+02 2.25137177e+02 5.87312195e+02 2.21178879e+02
    6.27035522e+02 2.17103165e+02 6.70430664e+02 2.11948715e+02
    7.15625427e+02 2.07576569e+02 4.75383301e+02 2.63578033e+02
    5.09238403e+02 2.61027893e+02 5.45544556e+02 2.58115753e+02
    5.84617493e+02 2.55169113e+02 6.26310547e+02 2.52071411e+02
    6.70380371e+02 2.48941483e+02 7.16684204e+02 2.45492706e+02
    4.70578339e+02 2.96548157e+02 5.05544434e+02 2.94717010e+02
    5.42503662e+02 2.93115173e+02 5.82492676e+02 2.91393799e+02
    6.24697632e+02 2.89405457e+02 6.70338074e+02 2.87349396e+02
    7.18383484e+02 2.85013824e+02 4.65418671e+02 3.31118988e+02
    5.00469025e+02 3.30529327e+02 5.39489380e+02 3.30096710e+02
    5.80352234e+02 3.29427765e+02 6.23537415e+02 3.28723663e+02
    6.70277710e+02 3.28014252e+02 7.19896118e+02 3.26978027e+02
    4.59848022e+02 3.67758789e+02 4.96431732e+02 3.68556824e+02
    5.35963867e+02 3.69181213e+02 5.77478638e+02 3.69842712e+02
    6.22396362e+02 3.70621246e+02 6.70218872e+02 3.71349945e+02
    7.20879028e+02 3.71667786e+02 4.14505646e+02 8.96881409e+01
    4.55908478e+02 9.10135040e+01 5.00627045e+02 9.26957474e+01
    5.49694092e+02 9.43106003e+01 6.03241882e+02 9.56979904e+01
    6.61652344e+02 9.76051025e+01 7.25987244e+02 1.00450340e+02
    4.10228333e+02 1.37510269e+02 4.50650238e+02 1.40959869e+02
    4.95306702e+02 1.44794449e+02 5.43118835e+02 1.48316238e+02
    5.95562561e+02 1.52598022e+02 6.53257629e+02 1.56889023e+02
    7.16046570e+02 1.62277557e+02 4.06368286e+02 1.84205002e+02
    4.46127472e+02 1.89156128e+02 4.89635132e+02 1.94740082e+02
    5.36819031e+02 2.00981888e+02 5.88429993e+02 2.07412399e+02
    6.44878906e+02 2.14579147e+02 7.06668213e+02 2.22198639e+02
    4.01840485e+02 2.29634415e+02 4.41443146e+02 2.36432281e+02
    4.83980408e+02 2.43791870e+02 5.30503601e+02 2.51904755e+02
    5.81351746e+02 2.60689423e+02 6.36512634e+02 2.70115631e+02
    6.97392029e+02 2.80766632e+02 3.98322815e+02 2.74401947e+02
    4.36983002e+02 2.82791534e+02 4.78573425e+02 2.91806732e+02
    5.24495056e+02 3.01979187e+02 5.74416809e+02 3.12851807e+02
    6.28595215e+02 3.24722443e+02 6.88129883e+02 3.37763153e+02
    2.92202667e+02 6.03498116e+01 3.16859680e+02 5.85640450e+01
    3.41737793e+02 5.70327568e+01 3.66904419e+02 5.57749634e+01
    3.92232941e+02 5.40185051e+01 4.18075623e+02 5.22021713e+01
    4.44081055e+02 5.07948341e+01 2.92969238e+02 8.57169037e+01
    3.17567505e+02 8.44807205e+01 3.42503235e+02 8.29490967e+01
    3.67563049e+02 8.14281693e+01 3.92787415e+02 8.00629807e+01
    4.18572479e+02 7.86355286e+01 4.44512177e+02 7.69525833e+01
    2.93612732e+02 1.11023643e+02 3.18371277e+02 1.09880585e+02
    3.42938324e+02 1.08647377e+02 3.68228973e+02 1.07456345e+02
